6.164383561643835274e-02
3.557588320115356861e-02
1.451649242970439735e-01
5.382570295602018967e-02
3.242159336697909150e-02
8.674297043979813104e-02
2.496395097332371887e-02
1.340573179524152773e-02
8.539113193943763044e-03
9.643114635904830034e-03
1.739365537130497380e-02
8.219178082191780366e-02
1.036409516943042480e-02
3.199351117519826787e-03
1.965573179524152947e-01
2.922224224945926471e-02
1.870043258832011432e-02
1.637977649603460789e-02
1.284246575342465682e-02
5.925558759913482007e-03
2.568493150684931364e-03
3.424657534246575152e-03
4.573720259552991815e-03
6.376171593366978738e-03
1.043168709444844931e-02
1.185111751982696401e-02
4.708904109589040834e-03
2.636085075702955874e-03
9.102379235760633958e-03
2.545962509012256528e-03
5.790374909877432988e-03
4.382209805335256225e-02
2.410778658976207509e-03
3.402126892573900316e-03
4.370944484498918287e-03
1.728100216294160135e-02
