5.178398976848589547e-02
5.820478688695743252e-02
1.946858768564194986e-01
5.914441573356302162e-02
3.583640017748544737e-02
8.307885052071098397e-02
1.030981651136689964e-02
3.758515386422363325e-03
2.897188943700571440e-03
4.332733014903557625e-03
1.594758959100044463e-02
1.325920705765666965e-02
1.025500482864823981e-01
8.378357215566517233e-03
4.384934617492756634e-03
3.158196956646569086e-03
1.817398794142980056e-01
4.781666797170672917e-02
1.247618301881867758e-02
1.216297340328348006e-02
9.892203690653302364e-03
4.933051444679351430e-03
4.515438623965755890e-03
8.247853209093519711e-03
8.012945997442120702e-03
4.280531412314357749e-03
6.264192310703938296e-03
6.995014746952731358e-03
7.256022759898729003e-03
3.132096155351969148e-03
5.011353848563150810e-03
4.306632213608958121e-03
1.772244407903322480e-02
3.523608174770965617e-03
