7.401582088171346392e-03
1.711615857889623804e-03
2.050855036930810706e-03
1.175001156497201306e-02
4.872708208046136642e-03
2.744753357696874240e-03
2.312994402553545693e-03
2.929792909901157965e-03
1.110237313225702002e-02
4.348429476800665799e-03
3.469491603830318540e-03
5.797905969067555267e-03
1.043931473685833639e-02
2.174214738400332900e-03
3.993770335075788949e-03
2.976052797952228896e-03
9.529536938520608361e-03
5.165687499036251962e-03
4.055450185810550480e-03
2.960632835268538730e-03
4.286749626065905136e-03
2.020015111563429940e-03
1.619096081787482159e-03
5.782486006383864667e-03
1.588256156420101393e-03
2.513453917441519584e-03
1.674607947448767190e-02
2.621393656227352046e-03
1.316864813187152046e-02
2.898952984533777633e-03
1.603676119103791819e-02
2.297574439869855528e-03
4.656828730474472586e-03
1.834975559359146432e-03
5.720806155649103136e-03
4.101710073861621411e-03
1.634516044471172325e-03
3.238192163574964318e-03
4.271329663382214537e-03
8.619759140182880336e-03
2.081694962298191037e-03
1.198131100522736685e-02
3.885830596289956921e-03
2.821853171115325937e-03
2.010763133953215667e-02
4.487209140953878593e-03
1.711615857889623804e-03
5.134847573668871630e-03
1.572836193736411228e-03
1.834975559359146432e-03
2.590553730859971281e-03
1.989175186196049609e-03
1.256726958720759922e-02
2.621393656227352046e-03
1.557416231052720845e-03
2.898952984533777633e-03
6.723103730088973023e-03
3.562011379932460402e-03
2.020015111563429940e-03
2.713913432329493908e-03
1.850395522042836598e-03
2.266734514502474762e-03
1.628348059397696085e-02
3.993770335075788949e-03
4.024610260443170148e-03
3.500331529197699305e-03
3.577431342616151002e-03
1.804135633991765667e-03
4.070870148494240212e-03
1.588256156420101393e-03
6.661423879354212360e-03
7.449383972490786210e-02
4.132549999229001743e-03
9.668316602673822022e-03
1.557416231052720845e-03
4.009190297759479549e-03
2.667653544278422977e-03
4.579728917056020455e-03
2.035435074247120106e-03
3.639111193350912099e-03
4.949808021464587905e-03
7.985998673883208665e-02
2.636813618911042212e-03
1.087107369200166450e-02
1.665355969838552830e-02
3.207352238207583552e-03
6.260504849578263711e-03
1.834975559359146432e-03
1.193505111717629678e-02
3.361551865044486512e-03
1.245932984842176676e-02
9.406177237051087034e-03
5.520346640761129679e-03
1.989175186196049609e-03
3.538881435906925110e-02
3.747050932136744127e-03
4.857288245362446043e-03
1.912075372777597912e-03
3.546591417248770237e-03
1.588256156420101393e-03
2.282154477186165362e-03
2.976052797952228896e-03
3.114832462105441690e-03
2.390094215971997390e-03
2.328414365237236293e-03
2.405514178655687556e-03
1.720867835499837947e-02
4.826448319995065711e-03
1.649936007154862707e-03
2.251314551818784596e-03
2.914372947217467799e-03
8.511819401397047874e-03
2.266734514502474762e-03
4.934388058780898173e-03
1.942915298144978460e-03
2.991472760635919062e-03
2.405514178655687556e-03
5.597446454179580942e-03
1.865815484726526981e-03
5.258207275138393824e-03
4.641408767790781986e-03
9.591216789255370759e-03
2.127954850349261968e-03
1.696195895205933639e-03
2.667653544278422977e-03
5.751646081016484335e-03
3.284452051626035249e-03
1.557416231052720845e-03
8.295939923825384685e-03
3.330711939677106180e-03
1.036221492343988512e-02
9.267397572897873373e-03
1.942915298144978460e-03
2.605973693543661446e-03
6.167985073476121849e-03
4.548888991688640124e-03
2.852693096482706702e-03
2.081694962298191037e-03
3.068572574054370759e-03
2.868113059166396868e-03
2.343834327920926459e-03
1.881235447410217363e-03
2.004595148879739774e-03
1.557416231052720845e-03
2.020015111563429940e-03
2.806433208431635771e-03
2.189634701084023499e-03
4.502629103637569193e-03
7.725401304528842911e-03
1.819555596675456050e-03
2.143374813032952568e-03
2.683073506962113143e-03
7.864180968682056572e-03
1.804135633991765667e-03
2.621393656227352046e-03
3.099412499421751524e-03
1.896655410093907529e-03
5.551186566128510011e-03
1.742455783257004570e-03
1.742455783257004570e-03
1.039305484880726632e-02
1.912075372777597912e-03
1.680775932522243256e-03
1.649936007154862707e-03
7.463261938906107923e-03
2.297574439869855528e-03
2.405514178655687556e-03
1.912075372777597912e-03
2.158794775716642734e-03
6.245084886894573979e-03
1.989175186196049609e-03
1.850395522042836598e-03
1.096359346810380636e-02
1.865815484726526981e-03
1.767127723550909052e-02
4.240489738014834205e-03
2.143374813032952568e-03
2.097114924981881637e-03
3.099412499421751524e-03
2.528873880125210184e-03
1.588256156420101393e-03
2.312994402553545693e-03
