4.755202573640293640e-02
4.456117422338393141e-02
2.215240776113401033e-01
5.149793907710867313e-02
3.468382426862370860e-02
8.834321906102342303e-02
3.425655976676384579e-02
1.776917663617171017e-02
3.694581280788177165e-03
1.012868201467779193e-02
8.520156831205388456e-03
1.382326329546596996e-02
6.904091685935458134e-02
1.229013772996883497e-02
3.418116014878857817e-03
1.026188800643410004e-01
2.299688348245702146e-02
1.070674575248818823e-02
2.611340102543480493e-02
9.827083542776716280e-03
7.841560269427968674e-03
2.865185483060219123e-03
1.083241178244696845e-02
1.166180758017492693e-02
9.123353775007539759e-03
1.095807781240575041e-02
1.103347743038101889e-02
3.116517542977782166e-03
1.000301598471900998e-02
6.811098823765959764e-03
3.015984719010756949e-03
4.825575550417211292e-03
3.820247310746958686e-03
4.162058912234844338e-02
5.856036996079220201e-03
4.875841962400723900e-03
1.837237357997386147e-02
