9.479317851959361690e-03
4.505321722302854312e-03
2.071238509917755141e-03
2.993468795355587811e-03
1.975991775520077529e-02
6.561441702951136858e-03
2.524794388001935178e-03
3.356313497822931841e-03
2.041001451378809950e-03
1.409046927914852504e-02
2.812046444121915796e-03
4.263425253991291915e-03
3.688921141751330245e-03
7.256894049346879726e-03
1.424165457184325100e-02
1.632801161103047917e-03
4.611151427189163349e-03
1.663038219641993325e-03
9.297895500725688808e-03
2.917876149008224399e-03
4.641388485728108540e-03
1.771891630382196534e-02
5.518263183357522556e-03
3.084179970972423818e-03
4.157595549104982878e-03
1.572327044025157317e-03
2.237542331881954560e-03
1.708393807450411328e-03
1.749213836477987380e-02
2.842283502660860987e-03
3.552854378326076451e-03
1.517900338655055713e-02
3.326076439283986649e-03
1.526971456216739314e-03
8.027939042089985572e-03
2.328253507498790568e-03
1.920053217223028534e-03
2.630624092888243781e-03
3.265602322206095833e-03
1.889816158684083126e-03
1.557208514755684505e-03
3.008587324625060407e-03
3.038824383164005598e-03
1.526971456216739314e-03
3.915699080793420481e-03
6.606797290759554644e-03
1.799104983067247119e-03
1.693275278180938516e-03
7.211538461538461939e-03
2.298016448959845377e-03
2.509675858732462583e-03
1.288098693759071045e-02
2.041001451378809950e-03
4.611151427189163349e-03
1.587445573294629913e-03
1.372762457668118101e-02
5.518263183357522556e-03
3.069061441702951223e-03
1.667573778422835190e-02
2.192186744073536340e-03
4.732099661344944114e-03
2.736453797774552384e-03
2.358490566037735759e-03
2.403846153846153980e-03
1.688739719400096650e-02
3.930817610062893076e-03
6.123004354136429850e-03
4.384373488147072680e-03
2.177068214804063744e-03
1.904934687953555939e-03
1.753749395258829115e-03
3.295839380745041024e-03
4.051765844218674709e-03
7.148040638606675823e-02
4.444847605224963930e-03
1.023524431543299494e-02
5.004233188195452570e-03
1.647919690372520512e-03
6.546323173681664262e-03
1.814223512336719931e-03
6.138122883405902445e-03
2.978350266086115215e-03
6.243952588292210615e-03
7.707426221577165504e-02
5.457789066279632173e-03
1.052249637155297513e-02
4.172714078374455474e-03
4.671625544267053731e-03
3.613328495403967267e-03
1.640360425737784345e-02
2.675979680696662002e-03
1.239719400096758566e-02
4.837929366231253150e-03
5.624092888243831592e-03
2.479438800193517391e-03
3.303398645379777149e-02
4.082002902757619900e-03
7.906990807934204807e-03
1.693275278180938516e-03
1.874697629414610531e-03
2.192186744073536340e-03
2.101475568456700332e-03
2.932994678277696995e-03
2.963231736816642620e-03
5.306603773584905349e-03
1.995645863570391729e-03
3.341194968553459245e-03
2.146831156265118553e-03
2.161949685534591149e-03
2.675979680696662002e-03
1.378809869375907139e-02
5.714804063860668033e-03
1.647919690372520512e-03
2.358490566037735759e-03
3.129535558780841605e-03
3.250483792936623238e-03
1.708393807450411328e-03
8.058176100628930763e-03
2.721335268505079789e-03
3.190009675858732421e-03
5.941582002902757835e-03
2.555031446540880369e-03
6.077648766328011196e-03
8.617561683599419403e-03
1.814223512336719931e-03
4.097121432027092496e-03
2.434083212385099171e-03
3.749395258829221061e-03
3.310957910014513620e-03
7.589501693275278564e-03
7.589501693275278564e-03
1.935171746492501130e-03
1.375786163522012620e-02
3.174891146589259826e-03
5.367077890662796599e-03
4.656507014997581136e-03
4.762336719883889305e-03
2.313134978229317972e-03
4.112239961296565091e-03
2.600387034349298590e-03
3.628447024673439863e-03
1.904934687953555939e-03
1.647919690372520512e-03
2.343372036768263163e-03
1.995645863570391729e-03
1.678156748911465920e-03
1.723512336719883924e-03
9.116473149492017661e-03
2.267779390420899752e-03
9.615384615384615918e-03
1.526971456216739314e-03
8.179124334784711528e-03
2.494557329462989987e-03
1.617682631833575321e-03
3.885462022254475289e-03
3.280720851475568429e-03
2.237542331881954560e-03
1.647919690372520512e-03
1.799104983067247119e-03
1.401487663280116119e-02
1.632801161103047917e-03
2.116594097726173362e-03
1.753749395258829115e-03
8.284954039671020565e-03
2.418964683115626575e-03
1.557208514755684505e-03
3.386550556361877032e-03
2.146831156265118553e-03
2.948113207547170024e-03
3.295839380745041024e-03
9.857281083696177448e-03
2.222423802612481965e-03
1.463473633284954022e-02
1.587445573294629913e-03
2.056119980648282546e-03
