1.356344760843426409e-02
5.645326842429397064e-03
2.639373588668289441e-03
2.903310947535118168e-03
1.274230915862635191e-02
2.610047215460863882e-03
1.715592832634388028e-03
2.888647760931405822e-03
1.744919205841813587e-03
1.712660195313645689e-02
2.346109856594035155e-03
2.888647760931405822e-03
2.624710402064576661e-03
9.765682278072670280e-03
9.340449866565002715e-03
2.419425789612598618e-03
4.545587847150942516e-03
1.590955746502829837e-02
2.478078536027449302e-03
7.096982316196955715e-03
1.979530191501216972e-03
3.284553799231649130e-03
2.859321387723980264e-03
1.730256019238100807e-03
1.498577670899439891e-02
4.193671368661837547e-03
4.721546086395495868e-03
1.656940086219537128e-03
2.030851344614211657e-02
2.771342268101704021e-03
1.656940086219537128e-03
1.305023607730431898e-02
5.073462564884600838e-03
1.715592832634388028e-03
1.230241356051497113e-02
5.850611454881375108e-03
2.654036775272002220e-03
3.357869732250212593e-03
5.572010909410832734e-03
1.568960966597260885e-03
2.038182937916068090e-03
5.381389483562567903e-03
2.961963693949969285e-03
6.099885627144491056e-03
1.495645033578697422e-03
2.199477990556907795e-03
1.272764597202264043e-02
2.140825244142057111e-03
1.255168773277808708e-02
3.079269186779671087e-03
1.568960966597260885e-03
1.935540631690078851e-03
1.388603771371594436e-02
3.856418076776444923e-03
1.538168274729464179e-02
2.698026335083140125e-03
4.135018622246986429e-03
1.994193378104929752e-03
3.152585119798234550e-03
1.891551071878940730e-03
2.360773043197747934e-03
2.507404909234874860e-03
9.237807560339013693e-03
4.120355435643274084e-03
2.052846124519780435e-03
1.818235138860377050e-03
1.906214258482653509e-03
3.636470277720754100e-03
3.636470277720754100e-03
3.504501598287339953e-03
1.612950526408399006e-03
2.170151617349482236e-03
6.349159799407607004e-03
6.107217220446347489e-02
3.724449397343030776e-03
4.574914220358368075e-03
2.272793923575471258e-03
5.366726296958854690e-03
2.258130736971758912e-03
3.020616440364819969e-03
2.859321387723980264e-03
2.551394469046013198e-03
9.476817501979530045e-02
1.671603272823249907e-03
1.026423062259890391e-02
1.401800639314935981e-02
4.809525206017771677e-03
8.167394938267983837e-03
3.255227426024223571e-03
1.136396961787735672e-02
4.120355435643274084e-03
8.973870201472184532e-03
9.325786679961289502e-03
6.217191119974192423e-03
2.771342268101704021e-03
3.903340273908325470e-02
3.900407636587583261e-03
2.917974134138830947e-03
2.390099416405173059e-03
3.196574679609372888e-03
1.598287339804686444e-03
1.407665913956421093e-02
2.096835684330918773e-03
2.668699961875714999e-03
4.281650488284114223e-03
4.970820258658611816e-03
1.656940086219537128e-03
2.199477990556907795e-03
1.744919205841813587e-03
9.809671837883808185e-03
3.343206545646499814e-03
1.700929646030675466e-03
3.093932373383383866e-03
4.545587847150942516e-03
1.686266459426962686e-03
4.501598287339804612e-03
5.190768057714302205e-03
1.568960966597260885e-03
1.730256019238100807e-03
6.921024076952403230e-03
2.023519751312355310e-03
2.668699961875714999e-03
1.495645033578697422e-03
4.868177952432622795e-03
7.184961435819232391e-03
1.197982345523329085e-02
2.712689521686852904e-03
1.950203818293791630e-03
1.131998005806621882e-02
2.712689521686852904e-03
1.803571952256664487e-03
3.255227426024223571e-03
2.316783483386609596e-03
2.522068095838587640e-03
6.583770785067010606e-03
6.891697703744977671e-03
1.231707674711868435e-02
2.170151617349482236e-03
1.700929646030675466e-03
2.742015894894278463e-03
6.803718584122701862e-03
3.929734009795008386e-03
3.313880172439074255e-03
1.627613713012111786e-03
2.961963693949969285e-03
1.803571952256664487e-03
1.495645033578697422e-03
5.997243320918502034e-03
1.642276899615824565e-03
1.642276899615824565e-03
1.774245579049238929e-03
1.719991788615501949e-02
2.082172497727205994e-03
2.756679081497991242e-03
1.671603272823249907e-03
1.656940086219537128e-03
1.759582392445526366e-03
1.700929646030675466e-03
6.510454852048447143e-03
2.331446669990322376e-03
2.419425789612598618e-03
2.331446669990322376e-03
1.818235138860377050e-03
3.343206545646499814e-03
4.442945540924953494e-03
1.774245579049238929e-03
6.085222440540778710e-03
1.894483709199683286e-02
3.665796650928179658e-03
2.829995014516554705e-03
1.554297779993548106e-03
2.258130736971758912e-03
2.947300507346256506e-03
1.480981846974984643e-03
1.510308220182409985e-03
2.082172497727205994e-03
